102501
102503
102504
103103
103104
103105
103106
103107
103108
103109
103112
103113
103114
103115
103116
103117
103118
104703
104704
104705
104706
104713
104714
104715
104716
104719
104720
104721
106505
106506
106507
106508
106509
106510
106511
106512
106901
106902
106903
106904
106905
106906
107511
107512
107601
107602
107608
108901
108902
108903
108904
108905
108906
108913
108920
108921
108922
108923
108924
111901
111902
112001
112003
112004
112501
112601
112602
112603
112604
112605
112606
112607
112608
112609
113307
113308
114213
114230
114231
114232
114233
114234
114235
114236
114237
114238
114239
114240
114241
114242
114243
114244
114245
114246
114247
114248
114249
114250
114251
114252
114253
114254
114255
114256
114257
114258
114259
114260
114261
114262
114263
114264
114265
114266
114267
114268
114269
114270
114271
115301
115304
115307
115309
115310
115311
115312
115314
118801
118802
118803
118804
118805
118806
118807
118808
118809
118810
118811
118812
118813
118815
118816
118820
118822
118823
118824
118825
119101
119103
119104
119105
119106
119107
119108
119109
119110
119111
119112
119115
119116
119117
119118
119119
119120
119121
119122
119123
119124
119125
119126
119127
119128
119129
119130
119131
119132
119201
119204
119206
119207
119302
119303
119304
119305
119306
119307
119308
119309
119310
119311
119312
119313
119314
119315
119317
119318
119319
119320
119321
119322
119323
119324
119325
119326
119327
119328
119329
119330
119331
119333
119334
119335
119336
119337
119338
119340
119341
119342
119343
119344
119345
119346
119347
119348
119349
119350
119351
119352
119353
119354
119355
119356
119357
119359
119360
119361
119362
119363
119364
119367
119368
119371
119372
119373
119374
119375
119901
119902
119903
119905
120501
120502
120503
120504
120505
120506
120507
120508
120601
120602
120603
120604
120605
120606
120607
120608
120622
121501
121502
121503
121504
121505
121506
121507
121508
200401
200402
200403
200404
200405
200406
200408
200409
201201
201202
201203
201204
201205
201206
201207
201208
201209
201210
201211
201212
201213
201214
201215
201216
201217
201218
201219
201220
201221
201222
201223
201224
201225
201226
201236
201237
201239
201240
203901
203902
203905
203906
203909
203910
203911
203912
203913
203914
207101
207102
207103
207901
207902
207903
207904
208903
208904
208905
208906
209001
209002
209301
209302
209303
209304
209305
209306
209307
210201
210202
210203
210204
210205
210206
210207
210208
210701
210702
210703
210704
210705
210706
210801
210802
210803
210804
218801
218803
218805
218807
218808
218809
218810
218811
218812
218813
218814
218815
218816
218817
218818
218819
218820
218822
218824
218826
218835
219101
219102
219103
219104
219105
219106
219107
219108
219109
219110
219111
219112
219113
219114
219115
219116
219117
219118
219119
219120
219121
219902
219904
220401
220402
220403
220404
300101
300102
300103
300104
300105
300106
300107
300108
300109
300110
300111
300112
300113
300114
300115
300116
300117
300118
300119
300120
300121
300122
300124
300125
300126
300128
300130
300134
300627
300628
300635
300636
300637
300638
301101
301102
301103
301104
301105
301106
301107
301108
301109
301110
301111
301112
303801
303802
303803
303804
303811
306113
306114
306115
306116
306117
306118
306120
306601
306602
306604
306605
306606
306607
306608
306610
306611
306612
306613
306616
306617
306618
306619
306620
306621
306623
307201
307202
307203
307204
307401
307402
307403
307404
308101
308102
308103
308104
308105
308106
308107
308108
308110
308111
308112
308113
308114
308115
308116
308117
308118
308120
308121
308122
308123
308124
308125
308126
308127
308129
308601
311901
311902
311903
311904
314701
314702
314703
314704
315501
315502
315701
315702
320002
320003
320004
320711
320712
320713
320714
320715
320716
321905
321906
321907
321908
321909
321910
321911
321913
321914
321915
321916
321917
321918
321919
321920
321921
321922
321923
322601
322602
322603
322604
322607
322608
322609
322610
322611
322612
322613
323101
323102
323103
323104
323105
323106
323107
323108
323109
323110
323111
323112
323113
323114
323115
323116
323117
323118
323119
323120
323121
323122
323123
323124
323125
323126
323127
323128
323129
323130
323131
323132
400101
400102
400103
400104
400105
400106
400107
400108
400109
400110
400111
400112
400113
400114
400116
400119
400120
400121
400122
400123
400124
400125
400126
400127
400128
400129
400130
400141
401001
401002
401003
401004
401005
401006
401007
401008
401009
401010
401011
401012
401013
401016
401501
401502
401503
401504
402001
402002
402101
402201
402506
402507
402509
402511
402513
405201
405202
406101
406103
407101
407102
407103
407104
407106
407107
407108
407109
407110
407111
407112
407113
407114
407115
407201
407202
407203
407204
407205
407206
407207
407208
407209
407210
407211
407212
407213
407214
407215
407216
407217
407218
407219
407220
407221
407222
407223
408401
408402
408601
408602
408603
408604
408605
408606
408607
408608
408610
408611
408613
409901
409902
409903
409904
409905
409906
411201
411202
411203
411204
411205
411206
411207
411208
411209
411210
411211
411212
411213
416801
416802
416803
416804
416805
416806
417201
417202
417203
417204
417205
417206
417207
417208
417209
417210
417211
420601
420602
420603
420604
420605
420606
420607
420608
420609
420610
420612
420613
420614
420615
420616
420617
420618
420619
421704
421705
421706
421707
421708
421709
421712
421713
421801
421802
421803
421804
421901
421902
421904
422801
422802
422803
422804
422805
422806
422901
423001
423002
423003
423004
502901
502902
502903
502907
502908
502909
502916
502917
503003
503004
511003
511004
511005
511006
511401
511402
511403
511404
511406
511407
511408
511409
511410
511411
512902
512909
513001
513002
513005
513006
513803
513804
513807
513808
514006
514007
514008
514009
514010
514011
514505
514506
517501
517502
517503
517504
518101
518102
518103
518104
518105
518106
518109
518122
518123
518125
518128
518129
518132
518133
518134
518135
518137
518138
518139
518141
518142
518143
518144
518145
518146
518149
518150
518159
518201
519203
519204
519803
519804
519807
519809
519810
519811
519812
519813
519814
519815
519816
519817
519818
519819
519820
519821
519822
519824
519825
519826
519827
519830
519831
519832
519833
519834
519835
519836
519837
519838
519839
519847
520301
520302
522319
522320
523338
523339
523340
630008
630015
630016
630017
630018
630019
630020
630021
630062
630064
630065
630072
630073
630074
630075
630212
630213
630224
630227
630238
630241
630244
630245
630246
630252
630339
630341
630342
630345
630347
630348