107511
107512
108901
108902
108903
108904
108905
108906
108913
108920
108921
108922
108923
108924
114230
114231
114232
114233
114234
114235
114236
114237
114238
114239
114240
114241
114242
114243
114244
114245
114246
114247
114248
114249
114250
114251
114252
114253
114254
114255
114256
114257
114258
114259
114260
114261
114262
114263
114264
114265
114266
114267
115307
115309
115310
115311
115312
115314
119123
119124
119125
119126
119127
119128
119129
120501
120502
120503
120504
120505
120506
120507
120601
120602
120603
120604
120605
120606
120607
120608
120622
200401
200402
200403
200404
200405
200406
200408
200409
201201
201202
201203
201204
201205
201206
201207
201208
201209
201210
201211
201212
201213
201214
201215
201216
201217
201218
201219
201220
201221
201222
201223
201224
201225
201226
207101
207102
207103
207901
207902
207903
207904
208903
208904
208905
208906
209001
209002
209301
209302
209303
209304
209305
209306
209307
210201
210202
210203
210204
210205
210206
210207
210208
210701
210702
210703
210704
210705
210706
210801
210802
210803
210804
218801
218803
218805
218807
218808
218809
218810
218811
218812
218813
218814
218815
218816
218817
218818
218819
218820
218822
218824
218826
220401
220402
220403
220404
300105
300106
300121
300128
300130
300627
300628
300635
300636
300637
300638
301101
301102
301103
301104
301105
301106
301107
301108
301109
301110
301111
301112
306113
306114
306115
306116
306117
306118
306120
306612
306613
307201
307202
307203
307204
308601
314701
314702
314703
314704
315701
315702
321907
321910
321911
321913
321915
321916
321917
321918
321919
321920
321921
321922
321923
322601
322602
322603
322604
322607
322608
322609
322610
322611
322612
322613
400107
400108
401001
401002
401003
401004
401005
401006
401007
401008
401009
401010
401011
401012
401013
401501
401502
401503
401504
406101
406103
407101
407102
407103
407104
407106
407107
407108
407109
407110
407111
407112
407113
407114
407115
407201
407202
407203
407204
407205
407206
407207
407208
407209
407210
407211
407212
407213
407214
407215
407216
407217
407218
407219
407220
407221
407222
407223
408401
408402
408607
408608
408610
408611
408613
409901
409902
409903
409904
409905
409906
411205
411206
411208
411209
411210
411211
411212
411213
420601
420602
420603
420604
420605
420606
420607
420608
420609
420610
420612
420613
420614
420615
420616
420617
420618
420619
421708
421709
421712
421713
422801
422802
422803
422804
422805
422806
422901
423001
423002
423003
423004
511401
511402
511403
511404
511406
511407
511408
511409
511410
511411
517501
517502
517503
517504
518101
518102
518103
518104
518105
518106
518109
518159
519803
519804
519807
520301
520302
630064
630065
630238