103103
103104
103105
103106
103107
103108
103109
103112
103113
103114
103115
103116
103117
103118
104703
104704
104705
104706
104713
104714
104715
104716
104719
104720
104721
106505
106506
106507
106508
106509
106510
106511
106512
114244
114245
114248
114249
114252
114253
114256
114257
114258
114259
114260
114261
114262
114263
114264
114265
114266
114267
118805
118806
118815
118816
119101
119103
119104
119105
119106
119124
119125
119128
119129
119132
119204
119323
119324
119331
119901
119902
119903
119905
200401
200402
200403
200404
200405
200406
200408
200409
201201
201202
201203
201204
201205
201206
201209
201210
203901
203902
203905
203906
203909
203910
203911
203912
203913
203914
207901
207902
210203
210204
210207
210208
218835
219101
219102
219103
219104
219105
219108
219109
219902
219904
300102
300105
300106
300107
300108
300111
300114
300115
300117
300120
300122
300635
321905
321910
321916
321917
321920
321921
321922
321923
400109
400110
400111
400112
400116
407101
407102
407103
407104
407106
407107
407110
407111
407112
407113
407114
407115
407209
407210
408605
408606
411201
411205
411206
420601
420603
420605
421704
421705
421706
421707
421708
421709
421802
421804
421901
421902
422805
422806
502901
502902
502903
502907
502908
502909
502916
502917
503003
503004
511003
511004
511005
511006
511406
511407
512902
512909
513001
513002
513005
513006
513803
513804
513807
513808
514006
514007
514008
514009
514505
514506
518106
518109
518143
518144
519203
519204
519809
519810
519817
519818
519821
519822
519826
519827
519834
519835
523338
523339
523340
630015
630016
630018
630019
630062
630212
630213
630339
630341
630342
630345
630347
630348