106901
106902
106903
106904
106905
106906
107511
107512
107601
107602
107608
111901
111902
112001
112003
112004
112501
112601
112602
112603
112604
112605
112606
112607
112608
112609
113307
113308
115301
115304
118801
118802
118803
118804
118805
118806
118807
118808
118809
118810
118811
118812
118813
118820
118822
118823
118824
118825
119104
119105
119106
119107
119108
119109
119110
119111
119112
119115
119116
119117
119118
119119
119120
119121
119122
119128
119129
119130
119131
119132
119201
119204
119206
119207
119302
119303
119304
119305
119306
119307
119308
119309
119310
119311
119312
119313
119314
119315
119317
119318
119319
119320
119321
119322
119323
119324
119325
119326
119327
119328
119329
119330
119331
119333
119334
119335
119336
119337
119338
119340
119341
119342
119343
119344
119345
119346
119347
119348
119349
119350
119351
119352
119353
119354
119355
119356
119357
119359
119360
119361
119362
119363
119364
119367
119368
119371
119372
119373
119374
119375
120501
120502
120503
120504
120505
120605
120606
120607
120608
121501
121502
121503
121504
121505
121506
121507
121508
201239
201240
209301
209302
209303
209304
209305
209306
209307
219101
219102
219103
219104
219105
219106
219107
219108
219109
219110
219111
219112
219113
219114
219115
219116
219117
219118
219119
219120
219121
300101
300103
300104
300105
300106
300107
300109
300110
300111
300112
300113
300114
300115
300116
300117
300118
300119
300124
300125
300126
300134
300635
300636
303801
303802
303803
303804
303811
306601
306602
306604
306605
306606
306607
306608
306610
306611
306612
306613
306616
306617
306618
306619
306620
306621
306623
307401
307402
307403
307404
308101
308102
308103
308104
308105
308106
308107
308108
308110
308111
308112
308113
308114
308115
308116
308117
308118
308120
308121
308122
308123
308124
308125
308126
308127
308129
311901
311902
311903
311904
315501
315502
320002
320003
320004
320711
320712
320713
320714
320715
320716
321906
321907
321908
321909
321911
321914
321915
321916
321917
321918
321919
321920
321921
321922
321923
323101
323102
323103
323104
323105
323106
323107
323108
323109
323110
323111
323112
323113
323114
323115
323116
323117
323118
323119
323120
323121
323122
323123
323124
323125
323126
323127
323128
323129
323130
323131
323132
400101
400102
400103
400104
400105
400106
400108
400109
400110
400111
400112
400113
400114
400119
400120
400121
400122
400123
400124
400125
400126
400127
400128
400129
400130
400141
401004
401006
401007
401008
401009
401010
401011
401012
401013
401016
401501
401502
401503
401504
405201
405202
407201
407202
407203
407204
407205
407206
407207
407208
407209
407210
408601
408602
408603
408604
408605
408606
411201
411202
411203
411204
411205
411206
411207
416801
416802
416803
416804
416805
416806
417201
417202
417203
417204
417205
417206
417207
417208
417209
417210
417211
421704
421705
421706
421707
421712
421713
421901
421902
421904
422801
422802
422803
422804
422805
422806
630008
630015
630016
630020
630021
630072
630073
630074
630075
630244
630245
630246