102501
102503
102504
114213
114244
114248
114249
114252
114253
114256
114257
114258
114259
114260
114261
114262
114263
114264
114265
114266
114267
114268
114269
114270
114271
119107
119108
119111
119112
119115
119116
119121
119122
120501
120502
120505
120508
201226
201236
201237
209301
209306
209307
210201
210202
210203
210204
210205
210206
210207
210208
218815
218819
218822
218824
300105
300106
300107
300109
300110
300111
300112
300113
300114
300115
300116
300117
300118
300119
300124
300126
300627
300628
300635
300636
300637
300638
306612
306613
314701
314702
314703
314704
321907
321910
321911
321914
321915
321916
321917
321918
321919
321920
321921
321922
321923
322601
322602
322603
322604
322607
322608
322609
322610
322611
322612
322613
400113
400114
400119
400120
400121
400122
400124
402001
402002
402101
402201
402506
402507
402509
402511
402513
407101
407102
407103
407104
407106
407107
407108
407109
407110
407111
407112
407113
407114
407115
411201
411202
411204
411205
411206
411208
411209
411210
411211
411212
411213
420602
420604
421801
421803
502901
502902
502903
502907
502908
502909
502916
502917
503003
503004
511003
511004
511005
511006
511401
511402
511403
511404
511406
511407
511408
511409
511410
511411
512902
512909
513001
513002
513005
513006
513803
513804
513807
513808
514006
514007
514008
514009
514010
514011
514505
514506
517501
517502
517503
517504
518101
518102
518103
518104
518105
518106
518109
518122
518123
518125
518128
518129
518132
518133
518134
518135
518137
518138
518139
518141
518142
518143
518144
518145
518146
518149
518150
518159
518201
519803
519804
519807
519809
519810
519811
519812
519813
519814
519815
519816
519817
519818
519819
519820
519821
519822
519824
519825
519826
519827
519830
519831
519832
519833
519834
519835
519836
519837
519838
519839
519847
520301
520302
522319
522320
523338
523339
523340
630017
630020
630021
630064
630065
630212
630213
630224
630227
630241
630252
630339
630341
630342
630345
630347
630348